10211
-23122
-10113
-3126
10223
4222
-531
-9010443
535
-10321
12226
10111
-4314
-10551
115
9000213
-10211
103326
10323
-9000213
22224
103316
9000113
-9000221
-103316
-20313
215
2228
-215
14122
11216
-10223
100313
-104122
-14122
-13124
5132
3312
3322
5232
-315
-11116
13126
11116
335
-319
2116
9020221
-12112
-9000113
100555
33122
-100323
3122
-10325
-10311
2216
-9010213
10433
223
-10433
9010213
9000553
32214
117
-3122
32114
-513
100333
-3334
217
541
20553
415
-119
1112
-1112
4224
-100221
10313
-13314
13314
13324
130
30553
531
-10323
4122
-22224
1212
-423
333
-12116
3218
119
555
-1218
9010221
553
-9050225
-13126
219
-219
3118
-9010211
-3118
3112
-9030221
13224
-13224
-3112
4112
-229
104324
-1212
413
4212
104314
-221
-227
13214
-10423
3212
-100111
-443
-4224
-203326
4334
-515
3114
-331
-4332
-4112
-53122
-3114
100223
3214
-120553
-204126
-433
-20443
433
-5332
204126
4114
22114
9000211
-10443
-421
-21212
-9000211
-431
9000111
5332
120553
21114
4214
-4214
-21114
104312
30223
10225
-30313
113
-4324
4324
-33122
-23212
-32112
213
-213
30443
4314
-9060225
104322
-100313
-104322
435
315
-435
20313
10325
12114
11114
20323
32224
-11114
10315
-110551
2212
5222
337
-5222
325
-2212
-104324
20443
-12114
-5232
110551
9000221
-203322
-10215
-130
9020443
-333
443
30221
12112
104122
31214
12212
-32124
32124
10113
-4212
3124
100221
20433
-10111
-20433
-22124
-1216
-413
53122
23212
-104314
-23222
-100213
23222
2226
-2226
-555
9050225
-553
310
-100223
-115
100211
9090225
-10313
43122
100445
-9010221
-211
300553
-22112
-3324
100331
-12212
2118
-441
200553
22124
2218
-2218
225
-335
-9010111
2222
-2224
-3218
-337
-20333
-313
-223
22222
-100445
321
100323
-31214
2124
-2124
229
-10431
3314
-100331
-3314
-100211
10431
10213
-10213
-321
3324
-3214
1214
-100555
100553
-311
-13214
-5132
-521
42112
-30443
-13216
521
42212
9010553
-4312
511
-327
-2116
-42212
-2118
-225
227
10423
-1214
10215
30313
1216
32112
-43122
-100113
-3212
10553
-100333
-10553
-20113
-30323
100441
-511
1116
32212
-1116
30323
10115
-310
5114
-217
-5114
-317
20325
-5214
-3216
-2228
431
-20325
-22222
-111
-30221
20315
-9020443
10441
-3322
5214
-4334
12224
9010211
-20223
-9010553
-20315
-203312
441
-5122
9010111
-2216
-325
-20553
10551
-30553
2224
20213
221
-20213
100111
3126
523
-523
513
-10225
-3128
-100441
20113
10331
-23124
-23214
423
-411
-20323
-4132
-203338
313
9010443
203338
-2114
111
311
23122
-100553
323
-535
425
-10421
-525
203326
-3124
10421
525
-10411
-203316
9080225
515
10411
9000443
-32114
411
4332
-13212
3334
-1114
-4122
13212
10311
2128
203316
21214
-9000553
-32214
-30223
-13226
9030221
-300553
13226
13222
3116
1218
-13222
-3116
-9000111
319
13124
-10441
-533
4312
2114
10443
4322
-4322
-10315
329
-425
-329
-200553
-9010113
-2128
10321
3128
-13122
203312
-21214
-4222
-415
100443
-11216
203322
-12226
-32212
4232
30213
317
100213
-4232
-30213
13216
-104312
-13324
-42112
9010113
-3312
-445
331
-541
327
30113
4132
-323
100113
-12216
211
-9080225
-103326
-23126
-30113
21112
-9090225
23214
-21112
-22114
-23224
21212
23224
-113
3216
-10331
445
-9000443
23126
-2112
-9020221
20223
5122
-32224
23124
1114
12116
-100443
-2222
-4114
22112
-22212
12216
22212
20333
9060225
-10115
2112
-12224
13122
533
421
-117
